0.01423          -7.17500       
0.01423          -7.17500       
0.03861          -7.17560       
0.06299          -7.17605       
0.08737          -7.17645       
0.11175          -7.17660       
0.11175          -7.17660       
0.13613          -7.17720       
0.16051          -7.17765       
0.18489          -7.17805       
0.20927          -7.17814       
0.20927          -7.17814       
0.23366          -7.17871       
0.25804          -7.17915       
0.28242          -7.17955       
0.30680          -7.17965       
0.30680          -7.17965       
0.33118          -7.18022       
0.35556          -7.18066       
0.37994          -7.18111       
0.40432          -7.18125       
0.40432          -7.18125       
0.42870          -7.18182       
0.45308          -7.18226       
0.47746          -7.18271       
0.50022          -7.18295       
0.52622          -7.18303       
0.55060          -7.18311       
0.57498          -7.18319       
0.59936          -7.18326       
0.62374          -7.18334       
0.64812          -7.18341       
0.67251          -7.18349       
0.69689          -7.18357       
0.72127          -7.18364       
0.74565          -7.18372       
0.77003          -7.18379       
0.79441          -7.18387       
0.81879          -7.18395       
0.84317          -7.18393       
0.86755          -7.18354       
0.86755          -7.18354       
0.89396          -7.18373       
0.88787          -7.18376       
0.91631          -7.18334       
0.94069          -7.18263       
0.94069          -7.18263       
0.96507          -7.18224       
0.98945          -7.18130       
0.98945          -7.18130       
1.01383          -7.18050       
1.03821          -7.17923       
1.06259          -7.17772       
1.08697          -7.17596       
1.11136          -7.17388       
1.13574          -7.17142       
1.16012          -7.16860       
1.18450          -7.16540       
1.20888          -7.16178       
1.23488          -7.15755       
1.22513          -7.15922       
1.25764          -7.15311       
1.28364          -7.14768       
1.27389          -7.14982       
1.30802          -7.14184       
1.29827          -7.14425       
1.33241          -7.13529       
1.32265          -7.13800       
1.35719          -7.12792       
1.35110          -7.12981       
1.38117          -7.11996       
1.37141          -7.12328       
1.40555          -7.11110       
1.39579          -7.11475       
1.43033          -7.10118       
1.42424          -7.10372       
1.45431          -7.09065       
1.44456          -7.09503       
1.47869          -7.07890       
1.46894          -7.08373       
1.50307          -7.06603       
1.49332          -7.07131       
1.52745          -7.05191       
1.51770          -7.05773       
1.55183          -7.03659       
1.54208          -7.04285       
1.57621          -7.02008       
1.56646          -7.02686       
1.60059          -7.00214       
1.59084          -7.00947       
1.61522          -6.99040       
1.61928          -6.98712       
1.63147          -6.97703       
1.63554          -6.97357       
1.64935          -6.96182       
1.64773          -6.96327       
1.66561          -6.94698       
1.66398          -6.94850       
1.68186          -6.93133       
1.68023          -6.93293       
1.69811          -6.91472       
1.69649          -6.91643       
1.71437          -6.89720       
1.71274          -6.89900       
1.73062          -6.87825       
1.73712          -6.87062       
1.74687          -6.85909       
1.74525          -6.86109       
1.76313          -6.83861       
1.76150          -6.84070       
1.77979          -6.81612       
1.78792          -6.80499       
1.78385          -6.81060       
1.80417          -6.78194       
1.81230          -6.76988       
1.80620          -6.77897       
1.80214          -6.78488       
1.82814          -6.74564       
1.82245          -6.75447       
1.83058          -6.74178       
1.84277          -6.72209       
1.85090          -6.70866       
1.84684          -6.71551       
1.84277          -6.72209       
1.85903          -6.69444       
1.86715          -6.68021       
1.85903          -6.69444       
1.87528          -6.66568       
1.87122          -6.67299       
1.88341          -6.65077       
1.87934          -6.65827       
1.89153          -6.63550       
1.88747          -6.64318       
1.89966          -6.61985       
1.89560          -6.62772       
1.90779          -6.60385       
1.90372          -6.61190       
1.91591          -6.58747       
1.91185          -6.59571       
1.92607          -6.56651       
1.91998          -6.57914       
1.93420          -6.54929       
1.92810          -6.56225       
1.94233          -6.53167       
1.95045          -6.51360       
1.94029          -6.53612       
1.95858          -6.49509       
1.94842          -6.51816       
1.96671          -6.47566       
1.95655          -6.49976       
1.97483          -6.45629       
1.96874          -6.47087       
1.98296          -6.43642       
1.97686          -6.45137       
1.99109          -6.41605       
1.98499          -6.43137       
1.99718          -6.40044       
1.99312          -6.41089       
2.00531          -6.37916       
2.00125          -6.38986       
2.01506          -6.35293       
2.00937          -6.36832       
2.02156          -6.33501       
2.01750          -6.34626       
2.03131          -6.30754       
2.02563          -6.32363       
2.03944          -6.28403       
2.03375          -6.30055       
2.04757          -6.26006       
2.05570          -6.23556       
2.04594          -6.26490       
2.06382          -6.21036       
2.05813          -6.22807       
2.05407          -6.24051       
2.07032          -6.18977       
2.06626          -6.20269       
2.07845          -6.16374       
2.07845          -6.16374       
2.07439          -6.17703       
2.07032          -6.18977       
2.08861          -6.13011       
2.08658          -6.13710       
2.08251          -6.15064       
2.07845          -6.16374       
2.09633          -6.10377       
2.09470          -6.10939       
2.09064          -6.12322       
2.10486          -6.07304       
2.10283          -6.08030       
2.10283          -6.08030       
2.09470          -6.10939       
2.11096          -6.05000       
2.11096          -6.05000       
2.11096          -6.05000       
2.10283          -6.08030       
2.12071          -6.01316       
2.11908          -6.01942       
2.11908          -6.01942       
2.11908          -6.01942       
2.11096          -6.05000       
2.12884          -5.97978       
2.12721          -5.98631       
2.12721          -5.98631       
2.12721          -5.98631       
2.11908          -6.01942       
2.11908          -6.01942       
2.13737          -5.94278       
2.13534          -5.95136       
2.13534          -5.95136       
2.13534          -5.95136       
2.13534          -5.95136       
2.12721          -5.98631       
2.12721          -5.98631       
2.14347          -5.91599       
2.14347          -5.91599       
2.14347          -5.91599       
2.14347          -5.91599       
2.14347          -5.91599       
2.14347          -5.91599       
2.13940          -5.93403       
2.13534          -5.95136       
2.13534          -5.95136       
2.13534          -5.95136       
2.15322          -5.86861       
2.15159          -5.87625       
2.15159          -5.87625       
2.15159          -5.87625       
2.15159          -5.87625       
2.15159          -5.87625       
2.15159          -5.87625       
2.15159          -5.87625       
2.15159          -5.87625       
2.15159          -5.87625       
2.15322          -5.86861       
2.15159          -5.87625       
2.15159          -5.87625       
2.15159          -5.87625       
2.15972          -5.83351       
2.15972          -5.83351       
2.15972          -5.83351       
2.15972          -5.83351       
2.15972          -5.83351       
2.15972          -5.83351       
2.15972          -5.83351       
2.15972          -5.83351       
2.15972          -5.83351       
2.15972          -5.83351       
2.15972          -5.83351       
2.15972          -5.83351       
2.15972          -5.83351       
2.15972          -5.83351       
2.15972          -5.83351       
2.15972          -5.83351       
2.15972          -5.83351       
2.15972          -5.83351       
2.15972          -5.83351       
2.15972          -5.83351       
2.15972          -5.83351       
2.15972          -5.83351       
2.15972          -5.83351       
2.15972          -5.83351       
2.15972          -5.83351       
2.15972          -5.83351       
2.15972          -5.83351       
2.15972          -5.83351       
2.15972          -5.83351       
2.15972          -5.83351       
2.15972          -5.83351       
2.15972          -5.83351       
2.16785          -5.79639       
2.16785          -5.79639       
2.16785          -5.79639       
2.16785          -5.79639       
2.16785          -5.79639       
2.16785          -5.79639       
2.16785          -5.79639       
2.16785          -5.79639       
2.16785          -5.79639       
2.16785          -5.79639       
2.16785          -5.79639       
2.16785          -5.79639       
2.16785          -5.79639       
2.16785          -5.79639       
2.16785          -5.79639       
2.16785          -5.79639       
2.16785          -5.79639       
2.16785          -5.79639       
2.16785          -5.79639       
2.16785          -5.79639       
2.16785          -5.79639       
2.16785          -5.79639       
2.16785          -5.79639       
2.16785          -5.79639       
2.16785          -5.79639       
2.16785          -5.79639       
2.16785          -5.79639       
2.16785          -5.79639       
2.16785          -5.79639       
2.16785          -5.79639       
2.16785          -5.79639       
2.16785          -5.79639       
2.16785          -5.79639       
2.16785          -5.79639       
2.17800          -5.75375       
2.17597          -5.76354       
2.17597          -5.76354       
2.17597          -5.76354       
2.17597          -5.76354       
2.17597          -5.76354       
2.17597          -5.76354       
2.17597          -5.76354       
2.17597          -5.76354       
2.17597          -5.76354       
2.17597          -5.76354       
2.17800          -5.75375       
2.17597          -5.76354       
2.17597          -5.76354       
2.17597          -5.76354       
2.17597          -5.76354       
2.17800          -5.75375       
2.17597          -5.76354       
2.17597          -5.76354       
2.17597          -5.76354       
2.17597          -5.76354       
2.17597          -5.76354       
2.17597          -5.76354       
2.17597          -5.76354       
2.17597          -5.76354       
2.17597          -5.76354       
2.17597          -5.76354       
2.17597          -5.76354       
2.17597          -5.76354       
2.17597          -5.76354       
2.17597          -5.76354       
2.17597          -5.76354       
2.17597          -5.76354       
2.17597          -5.76354       
2.17597          -5.76354       
2.17597          -5.76354       
2.17597          -5.76354       
2.17597          -5.76354       
2.17597          -5.76354       
2.17597          -5.76354       
2.17597          -5.76354       
2.18004          -5.74489       
2.18004          -5.74489       
2.18004          -5.74489       
2.18004          -5.74489       
2.18004          -5.74489       
2.18004          -5.74489       
2.18004          -5.74489       
2.18004          -5.74489       
2.18004          -5.74489       
2.18004          -5.74489       
2.18004          -5.74489       
2.18004          -5.74489       
2.18004          -5.74489       
2.17597          -5.76354       
2.18139          -5.73886       
2.18004          -5.74489       
2.18004          -5.74489       
2.18004          -5.74489       
2.17597          -5.76354       
2.18613          -5.72716       
2.18410          -5.73235       
2.18410          -5.73235       
2.18410          -5.73235       
2.18207          -5.73664       
2.18410          -5.73235       
2.18410          -5.73235       
2.18410          -5.73235       
2.18410          -5.73235       
2.18410          -5.73235       
2.18410          -5.73235       
2.18410          -5.73235       
2.18410          -5.73235       
2.18410          -5.73235       
2.18410          -5.73235       
2.18410          -5.73235       
2.18410          -5.73235       
2.18410          -5.73235       
2.18410          -5.73235       
2.18410          -5.73235       
2.18410          -5.73235       
2.18410          -5.73235       
2.18410          -5.73235       
2.18410          -5.73235       
2.18410          -5.73235       
2.18410          -5.73235       
2.18410          -5.73235       
2.18410          -5.73235       
2.18410          -5.73235       
2.18410          -5.73235       
2.18410          -5.73235       
2.18410          -5.73235       
2.18410          -5.73235       
2.18410          -5.73235       
2.18410          -5.73235       
2.18410          -5.73235       
2.18410          -5.73235       
2.19426          -5.71005       
2.19223          -5.71442       
2.19223          -5.71442       
2.19223          -5.71442       
2.19223          -5.71442       
2.19223          -5.71442       
2.19223          -5.71442       
2.19223          -5.71442       
2.19223          -5.71442       
2.19223          -5.71442       
2.20238          -5.69432       
2.19832          -5.70234       
2.20035          -5.69832       
2.20035          -5.69832       
2.20035          -5.69832       
2.21051          -5.67975       
2.20848          -5.68349       
2.20848          -5.68349       
2.20848          -5.68349       
2.20848          -5.68349       
2.21661          -5.66949       
2.21661          -5.66949       
2.22270          -5.65917       
2.22473          -5.65582       
2.22473          -5.65582       
2.22880          -5.64902       
2.23286          -5.64260       
2.23692          -5.63631       
2.23896          -5.63322       
2.25074          -5.61576       
2.24911          -5.61813       
2.25724          -5.60642       
2.26699          -5.59240       
2.26537          -5.59466       
2.28365          -5.56994       
2.28162          -5.57264       
2.30600          -5.54096       
2.30600          -5.54096       
2.33038          -5.51062       
2.33038          -5.51062       
2.35476          -5.48130       
2.35476          -5.48130       
2.37914          -5.45281       
2.37914          -5.45281       
2.40149          -5.42739       
2.41368          -5.41365       
2.43603          -5.38884       
2.45838          -5.36414       
2.47057          -5.35081       
2.49292          -5.32653       
2.51730          -5.29995       
2.54371          -5.27126       
2.56606          -5.24699       
2.59207          -5.21864       
2.61482          -5.19384       
2.63920          -5.16726       
2.66358          -5.14069       
2.69000          -5.11170       
2.71234          -5.08700       
2.73673          -5.06005       
2.76314          -5.03066       
2.78549          -5.00562       
2.80824          -4.98009       
2.83425          -4.95071       
2.85863          -4.92303       
2.88301          -4.89516       
2.90739          -4.86701       
2.93177          -4.83867       
2.95778          -4.80836       
2.94802          -4.81979       
2.98053          -4.78141       
3.00491          -4.75238       
3.03092          -4.72128       
3.02117          -4.73300       
3.05367          -4.69362       
3.07805          -4.66384       
3.10243          -4.63374       
3.12681          -4.60334       
3.15119          -4.57263       
3.17558          -4.54162       
3.19996          -4.51029       
3.22434          -4.47861       
3.24872          -4.44657       
3.27310          -4.41417       
3.29748          -4.38139       
3.32186          -4.34825       
3.34624          -4.31471       
3.37062          -4.28080       
3.39500          -4.24651       
3.41938          -4.21185       
3.44376          -4.17676       
3.46814          -4.14124       
3.49415          -4.10307       
3.48440          -4.11746       
3.51690          -4.06904       
3.54128          -4.03213       
3.56566          -3.99479       
3.59167          -3.95466       
3.58192          -3.96978       
3.61605          -3.91656       
3.60630          -3.93186       
3.63881          -3.88039       
3.66319          -3.84123       
3.68919          -3.79909       
3.67944          -3.81498       
3.71357          -3.75911       
3.70382          -3.77515       
3.73633          -3.72117       
3.76233          -3.67746       
3.75258          -3.69394       
3.78509          -3.63848       
3.80947          -3.59631       
3.83385          -3.55363       
3.85823          -3.51035       
3.88261          -3.46648       
3.90902          -3.41854       
3.90293          -3.42969       
3.93137          -3.37713       
3.95738          -3.32869       
3.94763          -3.34694       
3.98013          -3.28554       
4.00451          -3.23875       
4.03052          -3.18833       
4.02077          -3.20732       
4.05531          -3.13956       
4.04921          -3.15164       
4.07766          -3.09472       
4.10204          -3.04530       
4.12804          -2.99209       
4.11829          -3.01215       
4.15242          -2.94142       
4.14267          -2.96177       
4.17680          -2.89000       
4.16705          -2.91066       
4.20118          -2.83785       
4.19143          -2.85880       
4.22556          -2.78493       
4.21581          -2.80620       
4.24995          -2.73124       
4.24019          -2.75281       
4.27433          -2.67661       
4.26457          -2.69856       
4.29871          -2.62117       
4.28895          -2.64345       
4.32309          -2.56493       
4.31333          -2.58754       
4.34747          -2.50769       
4.33772          -2.53070       
4.37185          -2.44961       
4.36210          -2.47296       
4.39623          -2.39050       
4.38648          -2.41427       
4.42061          -2.33041       
4.41086          -2.35456       
4.44499          -2.26937       
4.43524          -2.29390       
4.46937          -2.20728       
4.45962          -2.23225       
4.49213          -2.14834       
4.48400          -2.16949       
4.51041          -2.10028       
4.50838          -2.10566       
4.53439          -2.03604       
4.52463          -2.06229       
4.55877          -1.96964       
4.55172          -1.98898       
4.58315          -1.90186       
4.57746          -1.91777       
4.59940          -1.85600       
4.59777          -1.86062       
4.61565          -1.80939       
4.61403          -1.81409       
4.63191          -1.76211       
4.63028          -1.76687       
4.64816          -1.71403       
4.64654          -1.71887       
4.66279          -1.66961       
4.66685          -1.65725       
4.68067          -1.61521       
4.67904          -1.62022       
4.69692          -1.56455       
4.69530          -1.56966       
4.71358          -1.51153       
4.72171          -1.48506       
4.71155          -1.51806       
4.73796          -1.43125       
4.74609          -1.40415       
4.73864          -1.42901       
4.76194          -1.35055       
4.75625          -1.36992       
4.76437          -1.34218       
4.77657          -1.29991       
4.78469          -1.27146       
4.78063          -1.28582       
4.77657          -1.29991       
4.79282          -1.24218       
4.80095          -1.21296       
4.79688          -1.22762       
4.80907          -1.18337       
4.80501          -1.19821       
4.81923          -1.14592       
4.81314          -1.16844       
4.82736          -1.11553       
4.82126          -1.13836       
4.83548          -1.08480       
4.84361          -1.05364       
4.83345          -1.09253       
4.85174          -1.02205       
4.84158          -1.06147       
4.85987          -0.99001       
4.84971          -1.02999       
4.86596          -0.96529       
4.85783          -0.99807       
4.87409          -0.93235       
4.86596          -0.96529       
4.88384          -0.89250       
4.87680          -0.92127       
4.89237          -0.85679       
4.88221          -0.89925       
4.90009          -0.82366       
4.89847          -0.83061       
4.89034          -0.86535       
4.90822          -0.78855       
4.89847          -0.83061       
4.89847          -0.83061       
4.91635          -0.75285       
4.90659          -0.79562       
4.92488          -0.71497       
4.91879          -0.74200       
4.91472          -0.76004       
4.93260          -0.67970       
4.93098          -0.68728       
4.92827          -0.69961       
4.92285          -0.72413       
4.94113          -0.64010       
4.93504          -0.66844       
4.94885          -0.60377       
4.94723          -0.61149       
4.94317          -0.63059       
4.95698          -0.56471       
4.95536          -0.57260       
4.95129          -0.59213       
4.94723          -0.61149       
4.96348          -0.53212       
4.96348          -0.53212       
4.95536          -0.57260       
4.97324          -0.48405       
4.97161          -0.49225       
4.96755          -0.51249       
4.96348          -0.53212       
4.98136          -0.44181       
4.97974          -0.45019       
4.97161          -0.49225       
4.97161          -0.49225       
4.98786          -0.40798       
4.98380          -0.42918       
4.97974          -0.45019       
4.99193          -0.38707       
4.98786          -0.40798       
4.98786          -0.40798       
5.00005          -0.34433       
4.99599          -0.36579       
4.99599          -0.36579       
5.00412          -0.32259       
